133 265
94 493
427 75
151 377
260 86
314 317
75 296
62 277
25 260
12 291
136 223
51 201
158 389
307 376
448 315
367 17
320 193
395 203
440 195
66 320
127 383
446 473
275 116
146 397
225 186
221 129
69 92
479 396
280 452
210 171
488 461
197 189
63 207
402 365
31 116
233 313
76 143
462 37
427 376
87 460
396 55
208 48
412 29
381 399
300 402
268 84
33 226
384 320
449 182
441 156
29 306
192 358
6 5
126 47
7 416
275 26
257 224
498 231
389 88
125 301
71 67
200 331
102 206
321 495
18 278
9 228
486 471
141 339
240 30
257 103
198 182
325 470
392 100
441 359
112 128
390 441
285 114
197 386
263 255
43 41
200 140
196 42
194 487
499 134
391 125
201 243
2 9
437 450
80 209
425 28
106 288
236 121
308 161
475 39
246 417
126 171
334 267
463 410
430 486
12 384
