
449 363
101 72
149 79
410 370
338 50
231 446
477 42
242 83
80 500
253 233
210 256
472 241
476 52
221 6
54 230
59 286
56 101
85 290
375 335
200 328
16 231
23 195
96 148
30 347
264 392
303 70
106 68
452 99
201 500
400 264
189 269
346 171
415 260
73 6
21 458
155 94
201 276
9 408
457 350
355 499
471 478
413 353
226 257
429 443
336 216
406 472
331 466
63 223
310 217
313 436
=======
363 407
435 139
33 105
220 312
224 435
465 440
402 366
209 290
444 149
252 5
313 280
4 216
302 349
175 7
403 84
147 276
447 44
305 246
134 368
324 428
296 29
487 466
212 418
65 256
278 32
284 452
310 413
80 127
266 315
468 475
337 448
22 281
92 226
483 299
447 346
92 443
426 451
139 421
29 329
96 233
182 234
122 398
160 138
267 105
46 247
348 319
98 100
223 77
351 312
197 308
>>>>>>> a4a5e91e2a1742ff74f7936def2bcb230500a279
