321 338
2 130
126 453
235 142
478 201
131 339
248 142
429 68
158 491
417 122
96 498
71 249
229 423
273 79
290 159
206 99
349 41
258 169
20 423
246 444
474 468
11 77
245 24
6 296
36 331
327 433
188 495
89 279
151 254
11 477
59 161
486 490
411 99
196 200
393 272
369 125
401 422
431 277
450 360
199 30
444 496
378 241
356 484
283 309
191 63
222 330
473 168
244 6
369 76
412 24
464 437
298 66
225 338
330 489
186 243
41 55
269 322
382 445
57 312
500 179
214 183
124 451
142 420
430 394
440 174
238 429
468 139
201 172
464 157
128 73
65 343
201 446
220 308
13 272
246 67
450 163
274 420
258 34
103 473
182 403
426 341
399 174
129 198
182 10
458 175
414 488
244 124
406 241
382 247
480 270
390 366
475 330
448 236
24 297
86 51
193 190
47 307
366 295
262 410
70 470
31 222
361 25
37 361
422 409
397 288
153 145
470 148
237 266
393 396
115 258
30 321
353 76
303 149
3 236
419 485
150 73
79 253
250 133
239 241
375 393
143 128
143 202
484 377
258 319
421 270
178 179
441 356
377 377
180 370
452 366
392 163
133 321
224 311
55 491
351 225
94 244
389 56
268 261
356 500
490 228
73 341
172 44
469 169
218 445
263 188
151 309
358 146
384 67
472 310
356 443
76 138
138 101
393 51
382 356
129 465
60 216
479 73
372 340
394 396
384 494
480 314
7 422
296 116
393 179
394 129
20 288
384 309
403 199
44 240
484 168
428 26
34 443
34 489
436 301
182 14
169 398
234 139
304 185
309 225
28 72
16 274
86 204
159 124
214 160
125 34
224 465
355 459
454 495
161 421
431 456
293 70
303 77
44 303
123 269
222 372
251 104
284 417
58 490
397 483
207 352
441 202
267 65
12 403
66 411
104 308
381 262
436 73
390 403
415 220
237 202
102 130
455 492
391 181
457 331
218 26
289 61
194 206
394 222
178 480
52 251
443 428
168 435
62 33
79 342
222 89
408 259
66 256
280 9
459 500
403 211
373 99
309 375
405 404
72 11
409 81
327 292
8 76
64 289
53 300
119 371
457 295
362 79
196 38
107 239
304 421
195 489
467 411
86 34
277 130
214 232
465 381
92 15
250 103
10 60
86 143
63 127
8 202
113 238
231 42
339 410
258 499
319 385
241 401
321 66
305 230
147 77
129 36
324 359
129 207
310 401
181 11
157 41
325 341
130 26
389 69
218 266
438 328
230 109
435 320
192 435
288 376
120 171
25 201
225 265
18 438
51 70
175 113
498 336
418 242
96 29
259 124
493 398
262 295
500 156
26 421
22 83
376 393
99 497
86 404
109 285
474 150
406 102
193 18
107 258
252 46
427 245
93 423
326 174
63 84
60 425
115 499
398 160
423 284
287 240
337 11
201 483
489 382
267 56
422 208
73 291
142 451
61 280
347 187
214 404
235 207
181 326
71 345
334 126
213 196
269 433
460 417
412 113
363 305
232 244
282 400
102 468
88 215
139 72
279 203
130 255
287 391
377 496
23 494
143 153
163 432
82 329
352 413
476 270
450 109
168 416
214 184
278 160
68 175
445 234
37 389
466 248
8 25
73 472
291 411
219 304
27 155
402 479
479 251
331 184
270 392
169 114
249 161
324 26
396 256
304 132
176 63
384 455
199 496
238 489
6 243
53 181
388 195
126 275
462 28
90 208
56 247
400 310
432 222
416 142
421 81
335 315
373 255
72 137
154 155
8 324
62 95
382 362
409 36
323 64
446 8
493 293
99 336
43 468
199 349
206 181
6 371
435 427
476 498
20 404
292 325
468 183
92 134
155 51
283 245
55 446
485 459
51 310
394 165
24 135
449 437
213 471
314 481
184 295
49 147
284 462
107 81
316 103
491 291
217 119
226 98
20 282
28 169
491 90
20 298
366 97
491 74
105 135
68 159
123 98
104 161
179 410
259 410
412 25
300 198
411 442
9 356
446 184
151 396
177 11
316 56
311 270
324 79
397 276
476 444
25 378
319 481
306 62
391 457
462 280
199 172
340 424
257 203
481 481
33 404
32 410
208 246
437 170
81 136
170 233
222 458
263 137
258 180
424 115
104 281
60 323
434 487
51 197
82 308
45 272
73 426
71 258
288 318
113 200
188 358
93 342
413 435
258 100
165 169
349 61
204 114
93 114
179 271
302 484
29 48
189 139
156 107
447 185
226 243
450 138
282 492
90 83
200 129
316 201
88 487
114 316
31 144
360 319
365 133
93 435
280 275
349 98
214 99
335 402
483 325
417 453
146 92
319 92
60 36
427 327
241 200
225 95
68 366
203 373
404 175
283 241
363 465
225 372
32 248
239 118
272 471
454 451
369 223
87 368
434 408
77 111
473 145
198 268
392 122
68 451
295 205
167 212
358 3
205 287
29 164
318 190
92 499
417 490
146 56
305 21
332 231
349 454
214 351
225 235
217 273
255 396
362 156
2 308
108 282
457 110
472 112
278 176
131 84
5 343
203 438
93 181
397 148
194 159
122 296
438 492
495 36
93 411
37 134
227 309
424 207
468 220
417 44
149 496
344 139
35 17
487 298
89 489
179 384
306 109
193 263
247 413
263 263
190 1
349 414
19 187
356 325
192 295
73 70
424 313
369 178
388 435
244 34
138 168
441 69
37 320
76 257
98 31
407 57
454 250
122 243
219 19
158 179
168 42
159 323
165 101
243 201
219 180
357 318
389 102
206 301
464 298
438 349
182 35
443 445
500 452
120 21
222 127
354 198
329 161
445 304
75 393
327 127
460 491
400 446
158 423
243 315
97 275
225 449
418 377
422 216
118 266
470 125
95 141
201 101
14 379
429 10
241 214
390 404
160 45
179 433
68 412
430 250
398 100
366 334
186 2
240 27
155 404
179 486
465 146
347 415
210 5
160 23
350 441
98 241
182 91
204 25
38 239
20 448
17 352
81 93
422 341
46 317
395 209
466 233
301 342
352 326
9 59
90 499
184 144
494 16
387 139
109 83
329 494
72 92
320 206
245 344
101 458
247 284
433 200
375 125
491 156
125 235
120 247
485 10
207 180
66 202
11 66
67 242
91 297
359 222
185 189
272 456
429 160
278 189
317 75
163 331
181 308
4 183
319 302
407 217
75 416
22 386
293 73
230 180
53 398
418 202
135 305
157 235
255 241
89 127
442 459
489 87
477 153
184 379
288 17
68 66
256 153
221 395
494 279
9 381
475 270
220 386
457 472
430 216
351 275
234 417
252 171
149 456
125 470
224 95
5 57
208 147
344 42
263 413
338 208
109 414
376 476
11 21
352 204
404 385
491 240
2 437
271 192
464 150
96 174
408 26
394 324
403 425
231 142
412 198
422 332
29 286
25 42
382 362
192 182
307 285
351 323
176 21
404 345
463 101
404 378
59 277
485 395
189 53
286 361
215 80
70 305
276 210
346 40
104 413
442 402
265 133
401 395
265 123
311 195
6 416
251 230
423 329
279 246
183 402
473 32
145 220
420 23
6 165
490 150
15 390
311 100
94 459
241 234
266 135
25 205
267 466
105 13
391 28
78 125
499 188
452 49
462 86
316 135
225 351
278 189
362 481
390 462
55 100
281 24
298 438
147 111
24 395
275 279
418 492
327 358
245 318
54 421
199 458
370 51
145 52
499 354
243 69
63 391
416 10
96 237
154 60
414 408
124 332
85 454
225 201
342 214
107 470
134 79
413 57
205 134
18 214
352 36
481 389
182 157
128 78
382 105
498 313
21 429
348 89
491 48
29 373
414 156
252 389
163 101
193 122
410 359
465 101
102 263
248 362
274 107
118 481
175 82
16 437
445 202
254 250
242 340
59 436
201 366
328 170
163 445
148 280
134 168
115 240
256 358
355 241
303 355
378 237
219 492
397 131
382 121
292 191
91 181
321 372
455 446
419 494
158 323
381 132
172 417
154 272
152 463
474 198
322 60
457 54
15 8
318 185
2 252
468 397
41 64
458 423
25 437
202 141
30 36
41 321
485 287
423 152
206 39
117 69
90 111
316 29
475 429
419 320
379 262
237 484
319 10
415 55
21 323
2 25
322 29
10 379
130 436
100 28
489 77
441 349
21 370
320 43
103 329
206 438
434 308
417 394
262 391
45 23
401 419
72 236
137 446
419 193
46 308
453 474
444 52
87 375
46 224
108 460
490 219
342 133
199 453
254 141
486 455
431 68
163 284
65 377
326 11
88 137
178 2
184 323
29 364
327 298
416 79
277 304
236 302
363 409
106 32
297 269
57 241
47 491
166 40
86 224
350 75
5 419
480 185
163 70
22 174
309 94
102 98
192 197
110 406
401 75
185 216
372 443
198 125
401 81
74 454
44 297
94 217
60 115
411 390
56 408
42 334
303 157
493 349
449 307
203 403
460 116
201 358
450 485
420 107
79 404
488 247
94 8
457 252
239 104
95 168
252 329
497 215
203 360
313 288
290 477
40 296
410 334
276 134
323 495
331 240
